0.0609,439
-0.0514,337
0.1205,686
-0.1374,48
-0.1999,0
-0.1999,0
-0.1847,0
-0.1999,0
-0.1999,0
-0.1999,0
-0.1920,0
-0.1999,0
-0.1999,0
-0.1999,36
-0.1452,68
-0.1852,34
-0.1920,0
-0.1652,179
-0.0133,355
-0.0456,277
-0.0539,307
0.0467,592
0.1527,681
0.1649,719
0.1624,693
0.1956,906
0.3988,1171
0.3563,1076
0.3436,1076
0.3646,1189
0.4876,1333
0.4549,1265
0.3958,1129
0.3338,1111
0.4998,1431
0.4242,1162
0.3177,976
0.2313,821
0.2831,912
0.1986,727
0.0765,467
-0.0451,272
0.0345,566
0.0931,473
-0.0485,242
-0.1657,0
-0.1920,45
-0.1999,0
-0.1999,0
-0.1999,0
-0.1999,0
-0.1999,0
-0.1505,66
-0.1920,0
-0.1374,186
-0.1032,176
-0.1320,103
-0.1715,64
-0.0231,432
0.0379,434
0.0164,438
0.0345,447
0.1214,739
0.2367,850
0.2171,796
0.2044,798
0.3148,1119
0.4090,1170
0.3851,1153
0.3773,1109
0.3861,1250
0.5081,1373
0.4373,1211
0.3622,1097
0.3695,1191
0.4310,1181
0.3265,992
0.2386,789
0.1268,692
0.2289,816
0.1117,538
-0.0187,317
-0.0827,267
-0.0294,272
-0.1374,82
-0.1999,0
-0.1999,0
-0.1271,191
-0.1999,0
-0.1999,0
-0.1999,0
-0.1999,0
-0.1999,0
-0.1999,0
-0.1999,0
-0.1056,98
-0.1999,0
-0.1999,0
-0.1999,0
-0.1999,0
-0.1115,211
-0.0612,274
0.0057,535
0.2030,787
0.1839,738
0.1854,772
0.2425,956
0.3861,1150
0.3851,1149
0.3641,1076
0.3202,1088
0.5057,1526
0.5003,1319
0.4159,1189
0.3690,1101
0.4359,1234
0.3641,1060
0.2542,819
0.1268,598
0.1908,813
0.3143,897
0.1424,616
0.0316,389
-0.0197,400
-0.0290,287
-0.1681,0
-0.1999,0
-0.1999,0
-0.1999,0
-0.1999,0
-0.1999,0
-0.1999,0
-0.1999,0
-0.1999,0
-0.1999,0
-0.1999,0
-0.1999,0
-0.1999,0
-0.1999,0
-0.1999,0
-0.0456,221
-0.1999,0
-0.1999,0
-0.1999,0
-0.1686,48
-0.1999,0
-0.1999,0
-0.1999,70
-0.0607,243
-0.1017,186
-0.0915,208
-0.0270,560
0.2411,877
0.2567,885
0.2039,752
0.1527,772
0.4051,1229
0.2870,886
0.1761,695
0.0794,551
0.1283,601
0.0355,405
-0.0929,148
-0.1974,25
-0.0724,307
-0.1920,0
-0.1999,0
-0.1999,0
-0.1999,0
-0.1999,0
-0.1999,0
-0.1999,0
-0.1999,0
-0.1999,0
-0.1999,0
-0.1999,0
-0.1999,0
-0.1999,0
-0.1999,0
-0.1999,0
-0.1999,0
-0.1999,0
-0.1999,0
-0.1999,0
-0.1252,141
-0.1872,0
-0.1999,0
-0.1989,82
-0.0646,255
-0.0666,263
-0.0812,214
-0.0700,374
0.2191,829
0.1781,717
0.1747,748
0.1830,802
0.3573,1114
0.3783,1127
0.3456,1048
0.3319,1094
0.5199,1554
0.5189,1374
0.4666,1299
-0.1169,155
-0.0714,245
-0.1662,30
-0.1999,0
-0.1999,0
-0.1999,37
0.0580,383
-0.1481,48
-0.1999,0
-0.1999,0
-0.1999,0
-0.1999,0
-0.1999,0
-0.1999,22
-0.1999,0
-0.1999,0
-0.1999,0
-0.1999,16
-0.1999,0
-0.1999,0
-0.1999,0
-0.1520,143
-0.1627,50
-0.1769,42
-0.1994,0
-0.0719,336
0.0028,377
-0.0426,306
-0.0202,369
0.1102,690
0.1766,741
0.1956,759
0.1747,724
0.2611,1040
0.5164,1371
0.4408,1245
0.4300,1232
0.4281,1306
0.5340,1431
0.4945,1335
0.4110,1161
0.3631,1166
0.5184,1499
0.4437,1205
0.3436,1020
0.2284,774
0.2660,927
0.2044,723
-0.1603,0
-0.1999,0
-0.1999,28
-0.1999,0
-0.1999,0
-0.1999,0
-0.1999,0
-0.1999,0
-0.1999,0
-0.1999,0
-0.1491,626
0.0096,331
-0.0915,189
-0.1501,66
-0.0553,314
-0.0514,272
-0.1061,151
-0.1139,186
0.0584,530
0.0423,464
0.0560,497
0.0433,477
0.1664,835
0.2957,958
0.2601,886
0.2684,929
0.3197,1110
0.4564,1279
0.4486,1264
0.4012,1149
0.3617,1169
0.5829,2307
0.8231,1935
0.6908,1712
0.5760,1457
0.5833,1559
0.5160,1344
0.3587,1012
0.2254,786
0.2201,867
0.1834,670
0.0584,455
-0.0461,229
-0.1413,178
-0.1139,136
-0.1999,0
-0.1999,0
-0.1999,0
-0.1891,5
-0.1999,0
-0.1999,0
-0.1999,0
-0.1574,171
0.2762,830
0.1082,566
0.0462,449
0.0785,606
0.1185,602
0.0892,535
0.0331,447
0.0892,682
0.4017,1136
0.3246,1015
0.3231,1010
0.2923,1014
0.4798,1363
0.4793,1314
0.4198,1202
0.4129,1221
0.5497,1513
0.5184,1392
0.4847,1315
0.4105,1158
0.4754,1418
0.6366,1569
0.4681,1249
0.3661,1069
0.3265,1070
0.3158,951
0.2059,729
0.0628,445
-0.0236,413
0.5824,1455
0.3226,903
0.1410,592
-0.1686,80
-0.1593,10
-0.1999,0
-0.1999,0
-0.1999,0
-0.1339,127
-0.1999,0
-0.1999,0
-0.1999,0
-0.1364,111
-0.1476,87
-0.1764,28
-0.1730,153
0.3299,1165
0.2777,891
0.2293,825
0.1986,812
0.3480,1098
0.3607,1094
0.3236,1001
0.3187,1023
0.4764,1395
0.4823,1328
0.4613,1295
0.4310,1206
0.4876,1447
0.5423,1435
0.4544,1241
0.3914,1152
0.4354,1321
0.4261,1168
0.3285,995
0.2220,752
0.1473,752
0.2249,767
0.0736,463
-0.0417,280
-0.0827,282
-0.0670,206
-0.1662,26
-0.1999,0
-0.1999,0
-0.0480,206
-0.1530,13
-0.1999,0
-0.1969,74
-0.1715,6
-0.1999,0
-0.1999,0
-0.1945,104
-0.1032,172
-0.1457,86
-0.1584,95
-0.0348,411
0.0243,432
0.0350,464
0.0370,454
0.1004,719
0.3275,1019
0.2787,928
0.2777,951
0.3153,1096
0.4608,1294
0.4491,1265
0.4051,1157
0.3563,1160
0.5467,1643
0.5418,1405
0.4608,1275
0.3968,1123
0.4456,1276
0.3861,1103
0.2606,818
0.1336,609
0.1585,748
0.1590,618
0.0252,402
-0.0670,198
-0.1530,157
-0.0524,247
-0.1999,0
-0.1999,0
-0.1999,0
-0.1999,0
-0.1999,0
-0.1999,0
-0.1999,0
-0.1120,328
-0.1999,0
-0.1579,66
-0.1686,69
-0.0421,334
-0.0387,311
-0.0402,303
-0.0670,264
0.1195,828
0.5477,1407
0.4466,1254
0.4212,1200
0.4730,1425
0.5453,1456
0.5042,1360
0.4481,1263
0.5067,1492
0.6131,1535
0.5248,1407
0.4872,1325
0.4237,1303
0.5497,1462
0.4710,1253
0.3392,1016
0.2674,943
0.3421,1012
0.2171,772
0.1229,573
-0.0089,322
0.0653,529
0.0150,340
-0.1300,87
-0.1999,0
-0.1920,0
-0.1999,0
-0.1999,0
-0.1999,0
-0.1999,138
-0.1442,16
-0.1999,0
-0.1999,0
-0.1999,0
-0.1999,0
-0.1999,0
-0.1999,0
-0.1867,247
-0.0998,182
-0.1081,192
-0.0607,334
0.1361,663
0.1444,690
0.1668,710
0.1571,710
0.3495,1174
0.5497,1441
0.4769,1321
0.4618,1287
0.5204,1487
0.5438,1451
0.4955,1329
0.4032,1154
0.4256,1328
0.6507,1584
0.4764,1271
0.3714,1068
0.2542,924
0.3099,951
0.1927,693
0.0409,404
-0.0529,310
0.0335,410
-0.0983,145
-0.1916,0
-0.1999,0
-0.1969,0
-0.1999,0
-0.1999,0
-0.1999,0
-0.1999,0
-0.1999,0
-0.1999,0
-0.1999,0
-0.1999,10
-0.1999,0
-0.1999,0
-0.1999,0
-0.1999,0
-0.1999,0
-0.1999,0
-0.1999,0
-0.0358,402
-0.1090,118
-0.1759,31
-0.1999,18
-0.0861,218
-0.0309,457
0.1190,629
0.1410,764
0.3597,1168
0.3548,1045
0.2928,947
0.2689,918
0.3607,1088
0.2923,922
0.2000,720
0.0814,497
0.1351,704
0.8968,1983
0.5892,1441
0.3885,1056
0.2445,886
0.2059,720
0.0345,358
-0.1505,36
-0.1999,13
-0.1623,0
-0.1999,0
-0.1999,0
-0.1999,0
-0.1999,0
-0.1999,0
-0.1999,0
-0.1999,0
-0.1999,0
-0.1999,0
-0.1999,0
-0.1999,0
-0.1154,128
-0.1999,0
-0.1999,0
-0.1999,0
-0.1818,6
-0.1999,0
-0.1999,0
-0.1999,32
0.4164,1198
0.2733,878
0.2015,766
0.1385,651
0.2660,947
0.2772,912
0.2254,814
0.2225,836
0.3656,1182
0.3993,1168
0.4017,1179
-0.0451,375
0.0111,491
0.0907,532
-0.0041,320
-0.1374,87
-0.1847,90
-0.1398,47
-0.1999,0
-0.1999,0
-0.1999,0
-0.1989,2
-0.1999,0
-0.1999,0
-0.1999,0
-0.1999,0
-0.1999,0
-0.1999,0
-0.1999,0
-0.0993,325
-0.1735,0
-0.1999,0
-0.1999,0
-0.1974,0
-0.1999,0
-0.1999,0
-0.1999,0
-0.0431,304
-0.1178,141
-0.1349,117
-0.1598,144
0.0111,423
0.0116,395
-0.0285,323
0.0003,432
0.1815,779
0.1883,767
0.2093,797
0.1976,770
0.3123,1133
0.7132,1739
0.5936,1527
0.5482,1470
0.5497,1535
0.6239,1601
0.5667,1473
0.4735,1274
0.4164,1266
0.5999,1751
0.5472,1401
-0.1344,77
-0.1999,0
-0.1999,0
-0.1999,0
-0.1999,0
-0.1999,0
-0.1999,0
-0.1193,74
-0.1999,0
-0.1999,0
-0.1999,0
-0.1999,0
-0.1999,0
-0.1999,0
-0.1999,0
-0.1867,0
-0.1999,0
-0.1999,0
-0.1999,58
-0.0172,336
-0.0812,208
-0.0910,225
-0.0583,359
0.0926,576
0.1082,598
0.0877,558
0.1004,695
0.3958,1360
0.4330,1223
0.4203,1216
0.3973,1169
0.5360,1484
0.5414,1429
0.4647,1264
0.4188,1211
0.5379,1493
0.4955,1330
0.4330,1214
0.3524,1021
0.3592,1167
0.3705,1054
0.2235,755
0.1126,571
0.0912,624
0.0848,496
-0.0168,314
-0.1295,77
-0.1935,82
-0.1169,122
-0.1999,0
-0.1999,0
-0.1999,0
-0.1920,0
-0.1999,0
-0.1999,0
-0.1999,0
-0.1286,561
0.1141,534
-0.0050,357
-0.0407,304
0.0682,547
0.0672,509
0.0389,435
0.0047,402
0.1605,803
0.3231,986
0.2801,944
0.2865,943
0.3392,1179
0.4652,1306
0.4422,1232
0.3963,1168
0.4471,1375
0.5589,1447
0.4847,1338
0.4515,1250
0.3944,1246
0.5223,1397
0.4325,1168
0.3080,944
0.2376,893
0.3094,939
0.1844,709
0.0887,496
-0.0456,279
0.0423,565
0.0340,374
-0.1183,114
-0.1999,0
-0.1911,0
-0.1999,0
-0.1999,0
-0.1999,0
-0.1999,163
-0.1276,82
-0.1999,0
-0.1999,0
-0.1227,158
-0.1588,75
-0.1598,66
-0.1920,16
-0.0202,434
0.1336,610
0.0736,534
0.0892,569
0.1825,832
0.2689,920
0.2743,912
0.2455,875
0.3148,1131
0.5340,1409
0.4681,1302
0.4598,1282
0.4154,1256
0.5589,1490
0.5140,1358
0.4168,1176
0.3705,1114
0.4686,1305
0.3705,1072
0.2821,891
0.1610,640
0.1766,797
0.2621,816
0.0814,483
-0.0211,306
-0.0504,336
-0.0724,200
-0.1769,0
-0.1999,0
-0.1999,0
0.8343,1810
0.4198,1082
0.1766,631
-0.0006,400
-0.0270,270
-0.1374,89
-0.1955,0
-0.1950,112
-0.0270,322
-0.0871,204
-0.0929,214
-0.0382,409
0.0892,562
0.0970,587
0.0838,549
0.1048,720
0.3895,1222
0.3763,1113
0.3695,1119
0.3641,1122
0.5111,1429
0.5169,1387
0.4510,1246
0.4017,1183
0.5267,1488
0.5111,1348
0.4398,1229
0.3582,1040
0.3529,1152
0.3685,1063
0.2274,767
0.1151,574
0.0868,619
0.0941,503
-0.0148,320
-0.1247,87
-0.1999,64
-0.0695,183
-0.1999,0
-0.1999,0
-0.1999,0
-0.1999,0
-0.1999,0
-0.1999,0
-0.1999,0
-0.0314,218
-0.1999,0
-0.1999,0
-0.1999,0
-0.1999,0
-0.1115,182
-0.0983,186
-0.0939,306
0.2855,1329
0.3900,1117
0.3416,1071
0.3348,1061
0.4798,1354
0.4876,1344
0.4491,1241
0.4061,1191
0.5589,1573
0.5721,1472
0.5023,1368
0.4579,1255
0.4925,1430
0.5140,1369
0.4046,1120
0.2865,916
0.2860,1013
0.2845,878
0.1629,668
0.0653,447
-0.0363,374
0.0946,603
-0.0124,291
-0.1535,55
-0.1999,0
-0.1974,0
-0.1999,0
-0.1999,0
-0.1999,0
-0.1515,2148
0.5936,1371
0.2840,834
0.0594,394
-0.0045,378
-0.0983,130
-0.1999,0
-0.1999,0
-0.1999,0
-0.1037,178
-0.0944,231
-0.0377,346
0.1458,723
0.1888,767
0.1986,767
0.1854,757
0.3460,1171
0.5731,1457
0.4979,1359
0.4749,1302
0.4735,1422
0.5721,1496
0.5062,1339
0.4100,1167
0.3748,1191
0.4774,1275
0.3548,1041
0.2664,850
0.1371,615
0.2054,816
0.1654,636
0.0086,355
-0.0729,212
-0.0822,268
-0.1090,133
-0.1999,0
-0.1999,0
-0.1999,0
0.1317,508
-0.1017,122
-0.1999,0
-0.1999,0
-0.1999,0
-0.1999,0
-0.1999,0
-0.1999,0
-0.1999,0
-0.1999,0
-0.1999,0
-0.1999,0
-0.1339,170
-0.1999,0
-0.1999,0
-0.1999,0
-0.1686,48
-0.1999,0
-0.1999,0
-0.1999,0
-0.0524,469
0.0003,496
0.1097,632
0.1683,727
0.2879,1023
0.3236,1005
0.2806,901
0.1834,705
0.2079,881
0.4847,1239
0.2923,897
0.1786,683
0.0789,582
0.1122,561
-0.0011,320
-0.1486,48
-0.1999,46
-0.1549,3
-0.1999,0
-0.1999,0
-0.1999,0
-0.1999,0
-0.1999,0
-0.1999,0
-0.1999,0
-0.1999,0
-0.1999,0
-0.1999,0
-0.1999,0
-0.1886,0
-0.1999,0
-0.1999,0
-0.1999,0
-0.1999,0
-0.1999,0
-0.1999,0
-0.1999,35
-0.0280,287
-0.1281,113
-0.1437,103
-0.1007,286
-0.0045,382
-0.0089,362
-0.0387,319
0.0667,655
0.2430,834
0.2020,788
0.2230,830
0.2508,988
0.4110,1214
0.4051,1168
0.3622,1095
0.3968,1290
0.0233,434
-0.0495,234
-0.1520,59
-0.1745,96
-0.1999,0
-0.1999,0
-0.1999,0
-0.1999,0
-0.1584,0
-0.1999,0
-0.1999,0
-0.1999,0
-0.1999,0
-0.1999,0
-0.1999,0
-0.1999,2
-0.1891,0
-0.1999,0
-0.1999,0
-0.1999,0
-0.1999,0
-0.1999,0
-0.1999,0
-0.1642,146
-0.1188,118
-0.1637,71
-0.1657,48
-0.0695,342
0.0081,402
-0.0211,334
-0.0246,368
0.1371,758
0.2039,777
0.2074,810
0.2142,800
0.2791,1070
0.4369,1239
0.3944,1138
0.3719,1134
0.4247,1323
0.5057,1360
0.4598,1284
0.4071,1152
0.3578,1194
0.5584,1495
0.4413,1187
0.3206,980
0.2372,867
0.2821,895
0.1761,685
-0.1623,0
-0.1999,0
-0.1999,0
-0.1999,0
-0.1999,0
-0.1999,0
-0.1999,0
-0.1999,0
-0.1999,0
-0.1999,0
-0.1544,131
-0.1969,0
-0.1999,0
-0.1999,0
-0.1237,138
-0.1378,114
-0.1579,64
-0.1735,139
0.1180,798
0.1336,628
0.1102,609
0.1156,637
0.2757,959
0.2997,979
0.2874,938
0.2708,944
0.4657,1577
0.5921,1515
0.5340,1438
0.4964,1335
0.5736,1573
0.5746,1489
0.4876,1303
0.4090,1168
0.4823,1399
0.4720,1249
0.3499,1037
0.2455,811
0.2079,862
0.2142,751
0.0750,453
-0.0490,257
-0.0465,350
-0.0670,185
-0.1789,0
-0.1999,0
-0.1999,0
-0.1999,0
-0.1999,0
-0.1867,0
-0.1442,176
0.6498,1510
0.3802,1061
0.2391,791
0.1742,793
0.2142,775
0.1361,615
0.0580,483
0.0868,663
0.2079,766
0.1673,720
0.1707,720
0.1532,775
0.3548,1111
0.3607,1070
0.3241,1023
0.3465,1104
0.5003,1393
0.4886,1346
0.4671,1294
0.4061,1168
0.5262,1503
0.6971,1686
0.5589,1448
0.4823,1304
0.4588,1339
0.4491,1223
0.3387,981
0.1898,694
0.1292,714
0.4774,1214
0.2523,802
0.1136,544
-0.0353,316
0.0179,382
-0.1046,102
-0.1999,0
-0.1999,0
-0.1999,0
-0.1999,0
-0.1427,92
-0.1999,0
-0.1110,176
-0.1344,100
-0.1999,0
-0.1999,16
-0.0231,400
-0.0426,298
-0.0387,318
-0.0558,334
0.1361,675
0.1527,674
0.1219,625
0.1483,720
0.3392,1089
0.3402,1061
0.3558,1086
0.3319,1023
0.4808,1398
0.5008,1342
0.4227,1200
0.3954,1165
0.4886,1404
0.4642,1268
0.4022,1143
0.2977,914
0.3094,1078
0.5965,1453
0.3773,1050
0.2411,810
0.1717,758
0.1527,624
0.0345,400
-0.1002,124
-0.1706,128
0.1903,627
-0.0573,192
-0.1960,0
-0.1999,0
-0.1999,0
-0.1999,0
-0.1999,0
-0.1559,165
-0.0744,217
-0.1520,58
-0.1877,32
-0.1154,258
-0.0314,319
-0.0290,336
-0.0436,282
0.0243,577
0.2831,918
0.2279,818
0.2303,849
0.2484,960
0.4188,1227
0.4266,1220
0.3880,1130
0.3705,1198
0.5731,1668
0.5628,1447
0.5023,1362
0.4422,1221
0.5160,1456
0.4955,1321
0.3680,1050
0.2611,874
0.2943,1010
0.2328,778
0.1283,592
0.0111,344
-0.0290,402
0.0121,348
-0.1286,69
-0.1999,0
-0.1999,0
-0.1999,0
-0.1999,0
-0.1999,0
-0.1999,0
0.2411,710
-0.0348,234
-0.1920,0
-0.1999,0
-0.1999,0
-0.1999,0
-0.1999,0
-0.1999,0
0.7215,1717
0.5179,1338
0.4061,1169
0.3783,1192
0.4955,1358
0.4632,1298
0.4349,1226
0.3949,1217
0.5916,1725
0.6209,1567
0.5497,1482
0.5316,1416
0.6175,1632
0.5936,1535
0.5169,1360
0.4281,1206
0.5238,1535
0.9271,2102
0.7083,1713
0.5472,1391
0.4657,1351
0.4266,1156
0.2640,817
0.0995,527
0.0658,577
0.0692,438
-0.0783,188
-0.1950,0
-0.1999,0
-0.1999,0
-0.1999,0
-0.1999,0
-0.1999,0
-0.1999,0
-0.1999,0
-0.1999,0
-0.1999,0
0.1776,656
-0.0500,192
-0.1920,0
-0.1999,0
-0.1999,0
-0.1999,0
-0.1999,0
-0.1242,208
0.1410,773
0.2704,898
0.2523,893
0.2835,947
0.3680,1210
0.4593,1299
0.4408,1226
0.3763,1110
0.3968,1275
0.5843,1486
0.4720,1286
0.4076,1154
0.2992,986
0.3958,1163
0.3084,919
0.1571,642
0.0682,486
0.1014,608
0.0296,402
-0.0617,215
-0.1877,0
-0.1891,90
0.6473,1456
0.2811,819
0.0736,444
-0.0700,272
-0.0915,149
-0.1999,0
-0.1999,0
-0.1999,0
-0.1754,0
-0.1999,0
-0.1999,0
-0.1999,0
-0.1950,7
-0.1999,0
-0.1999,0
-0.1999,0
-0.1950,0
-0.1999,0
-0.1999,0
-0.1999,0
-0.0968,688
0.0580,437
-0.0260,336
-0.0490,282
0.0721,559
0.0814,546
-0.0075,509
0.1190,634
0.2498,996
0.3387,1008
0.2289,797
0.1683,688
0.1678,770
0.1595,656
0.0736,475
-0.0485,240
-0.0758,330
0.4725,1169
0.2020,687
0.0335,379
-0.1032,210
-0.1086,124
-0.1999,0
-0.1999,0
-0.1999,0
-0.1437,27
-0.1999,0
-0.1999,0
-0.1999,0
-0.1999,0
-0.1999,0
-0.1999,0
-0.1999,0
-0.1999,0
-0.1999,0
-0.1999,0
-0.1999,0
-0.1437,98
-0.1999,0
-0.1999,0
-0.1999,0
-0.1208,138
-0.1339,128
-0.1584,65
-0.1515,207
0.2997,995
0.2254,791
0.1932,774
0.1839,803
0.3416,1078
0.3539,1081
0.3280,1011
0.3167,1075
0.5262,1571
0.5296,1407
0.4979,1365
-0.0939,307
0.0418,412
-0.0758,195
-0.1798,0
-0.1999,0
-0.1828,54
-0.1999,0
-0.1999,0
-0.1999,0
-0.1999,0
-0.1999,0
-0.1999,0
-0.1999,0
-0.0514,395
-0.1535,13
-0.1999,0
-0.1999,0
-0.1999,0
-0.1999,0
-0.1999,0
-0.1999,0
0.0960,553
-0.0431,265
-0.1061,157
-0.1652,88
-0.0202,366
-0.0319,304
-0.0876,211
-0.0705,309
0.1063,600
0.0892,571
0.1087,603
0.0921,577
0.2664,1008
0.3622,1088
0.3260,1023
0.3397,1072
0.4237,1322
0.4964,1363
0.4789,1311
0.4124,1171
0.4325,1347
0.8246,1937
0.6581,1633
0.5584,1441
0.4452,1291
-0.1129,123
-0.1999,0
-0.1999,0
-0.1999,0
-0.1999,502
0.0267,334
-0.1559,32
-0.1999,0
-0.1999,0
-0.1999,0
-0.1999,0
-0.1999,0
-0.1857,70
-0.1999,0
-0.1999,0
-0.1999,0
-0.1764,111
-0.1452,70
-0.1999,0
-0.1999,0
-0.0861,295
-0.0519,290
-0.0402,314
-0.0563,277
0.0902,684
0.4574,1232
0.3661,1095
0.3573,1097
0.4173,1306
0.5067,1387
0.4891,1328
0.4344,1232
0.4828,1461
0.8109,1926
0.6747,1680
0.6058,1562
0.5394,1523
0.6205,1576
0.5267,1361
0.3817,1084
0.3026,1042
0.4535,1214
0.2850,878
0.1703,674
0.0394,463
-0.1183,60
-0.1999,0
-0.1999,0
-0.1999,0
-0.1686,114
-0.1999,0
-0.1999,0
-0.1999,0
-0.1999,0
-0.1999,0
-0.1999,0
-0.1999,0
0.0497,545
-0.0207,315
-0.0641,270
-0.0924,230
0.0706,546
0.0736,511
0.0267,432
0.0355,478
0.2064,862
0.2284,839
0.2455,880
0.2415,850
0.3441,1186
0.4637,1283
0.4105,1178
0.3929,1168
0.4486,1356
0.5096,1364
0.4691,1296
0.3973,1132
0.3714,1219
0.5150,1350
0.3695,1049
0.2660,880
0.1893,794
0.2352,795
0.1331,597
0.0086,337
-0.1012,234
0.4188,1841
0.4642,1167
0.2279,751
0.0272,381
-0.1071,128
-0.1999,0
-0.1999,0
-0.1999,0
-0.1603,100
-0.1989,0
-0.1999,0
-0.1999,0
-0.1247,158
-0.1315,135
-0.1418,94
-0.1686,85
0.0296,914
0.3656,1047
0.2835,938
0.2664,891
0.3392,1155
0.4183,1210
0.3963,1145
0.3582,1104
0.4442,1379
0.5497,1455
0.5033,1375
0.4798,1307
0.4364,1346
0.5794,1513
0.5023,1330
0.4071,1167
0.3646,1164
0.4500,1217
0.3368,995
0.2347,784
0.1029,567
0.1932,830
0.1624,618
0.0047,355
-0.0812,185
-0.0607,273
-0.1374,67
-0.1999,0
-0.1999,0
-0.1999,137
-0.0475,211
-0.1999,0
-0.1999,0
-0.1999,39
-0.1847,9
-0.1999,0
-0.1999,0
-0.1818,152
0.3104,912
0.1673,686
0.1292,630
0.1190,703
0.2494,880
0.2425,855
0.2010,767
0.2079,877
0.4164,1232
0.3914,1155
0.3973,1170
0.3748,1110
0.5062,1464
0.5399,1423
0.4554,1259
0.4173,1210
0.4862,1418
0.4881,1312
0.4183,1179
0.3211,948
0.2684,998
0.4110,1124
0.2435,789
0.1253,592
0.0360,496
0.0848,503
-0.0182,313
-0.1422,53
-0.1999,0
0.2767,1427
0.2557,754
0.0389,384
-0.1286,71
-0.1242,119
-0.1999,0
-0.1510,39
-0.1999,0
-0.1276,227
0.3792,1033
0.2123,767
0.1439,630
0.1478,755
0.2118,786
0.1673,688
0.1102,597
0.1566,818
0.3187,991
0.2860,960
0.3045,978
0.2826,991
0.4803,1390
0.4955,1339
0.4339,1238
0.4330,1237
0.5326,1490
0.5252,1405
0.4808,1310
0.3934,1134
0.4276,1327
1.0000,2368
0.7997,1872
0.6248,1535
0.4676,1339
0.4798,1266
0.3338,965
0.1585,624
0.0291,450
0.1063,595
-0.0202,279
-0.1437,52
-0.1999,0
-0.1999,2
-0.1999,0
-0.1999,0
-0.1999,0
-0.1999,0
-0.1999,0
-0.1999,0
-0.1999,0
-0.1999,26
-0.0900,219
-0.1129,162
-0.1090,193
0.0423,557
0.0741,529
0.0892,575
0.0931,562
0.1825,877
0.3299,1037
0.2987,962
0.2997,994
0.3602,1198
0.4886,1343
0.4691,1302
0.4222,1187
0.3792,1222
0.7743,2585
0.9193,2114
0.7601,1838
0.6268,1576
0.6366,1617
0.5262,1360
0.3631,1021
0.2142,757
0.2386,890
0.1947,678
0.0497,442
-0.0544,215
-0.1134,224
-0.1051,119
-0.1999,0
-0.1999,0
-0.1999,0
-0.1999,0
-0.1999,0
-0.1999,0
-0.1999,0
0.0340,346
-0.1813,0
-0.1999,0
-0.1999,0
-0.1999,0
-0.1999,0
-0.1999,0
-0.1999,0
-0.0334,245
-0.0968,241
-0.0172,405
0.1292,769
0.2616,902
0.2743,944
0.2777,915
0.3070,1119
0.4979,1355
0.4256,1191
0.3768,1130
0.3700,1187
0.4730,1285
0.4071,1162
0.3143,939
0.2030,817
0.3939,2104
0.6659,1582
0.4476,1200
0.2874,869
0.2738,900
0.1620,638
0.0111,331
-0.1344,82
-0.1032,218
-0.1603,0
-0.1999,0
-0.1999,0
-0.1999,0
-0.1999,0
-0.1999,0
-0.1999,0
-0.1999,0
-0.1999,0
-0.1999,0
-0.1999,0
-0.1999,0
0.0965,464
-0.1125,106
-0.1999,0
-0.1999,11
-0.1886,0
-0.1999,0
-0.1999,0
-0.1999,55
0.1429,592
0.0135,394
-0.0202,336
-0.0529,362
0.1117,613
0.0936,558
-0.0202,459
0.0941,627
0.3080,2035
0.7879,1842
0.5975,1497
0.4510,1200
0.4334,1246
0.3416,994
0.1893,673
0.0345,410
0.0487,534
0.0384,382
-0.1046,130
-0.1999,0
-0.1999,0
-0.1999,0
-0.1999,0
-0.1999,0
-0.1999,0
-0.1999,0
-0.1999,0
-0.1999,0
-0.1999,0
-0.1408,34
-0.1999,0
-0.1999,0
-0.1999,0
-0.1999,0
-0.1999,0
-0.1999,0
-0.1999,40
1.0000,2465
0.7669,1783
0.5497,1393
0.4022,1204
0.4334,1206
0.3392,998
0.2264,795
0.1830,814
0.3612,1138
0.3231,1000
0.3080,983
0.2762,912
0.4242,1296
0.4623,1278
0.4110,1190
0.4105,1203
-0.0055,560
0.6136,1474
0.3910,1085
0.2401,775
0.1502,709
0.1063,525
-0.0583,192
-0.1999,0
-0.1999,0
-0.1999,0
-0.1999,0
-0.1999,0
-0.1999,0
-0.1999,0
-0.1999,0
-0.1999,0
-0.1999,0
-0.1999,0
-0.1999,0
-0.1999,0
-0.1999,0
0.8797,2064
0.5497,1338
0.3270,957
0.1712,718
0.2059,752
0.1205,585
0.0199,382
-0.0387,333
0.1248,756
0.1253,605
0.0985,586
0.0814,528
0.1878,848
0.2577,885
0.2210,812
0.2171,837
0.3421,1173
0.4207,1210
0.4105,1206
0.4037,1155
0.4144,1319
0.6136,1593
0.5316,1394
0.4657,1306
0.4383,1298
0.5423,1435
-0.0719,235
-0.1398,70
-0.1999,0
-0.1999,23
-0.1295,48
-0.1999,0
-0.1999,0
-0.1999,0
-0.1999,0
-0.1999,0
-0.1999,0
-0.1999,3
0.1961,642
-0.0202,298
-0.1232,99
-0.1794,112
-0.1071,150
-0.1837,0
-0.1999,0
-0.1999,64
-0.0929,177
-0.1217,151
-0.1291,125
-0.1452,206
0.1551,1143
0.2923,914
0.2357,848
0.2328,848
0.3636,1155
0.3914,1167
0.3734,1106
0.3451,1086
0.4798,1442
0.5423,1422
0.4950,1359
0.4696,1290
0.4593,1382
0.5765,1502
0.4955,1312
0.4017,1153
0.3641,1162
0.4427,1204
0.3265,987
0.2298,770
-0.1271,98
-0.1461,155
-0.1544,24
-0.1999,0
-0.1999,0
-0.1999,0
-0.1999,0
-0.1999,0
-0.1999,0
-0.1999,14
0.8036,1776
0.4486,1164
0.2650,840
0.1366,686
0.1825,705
0.0999,547
0.0042,358
-0.0368,362
0.1414,759
0.1234,607
0.1053,592
0.0804,528
0.2083,881
0.2689,904
0.2298,820
0.2372,864
0.3626,1200
0.4286,1222
0.4281,1232
0.4017,1158
0.4471,1391
0.5838,1506
0.4925,1325
0.4442,1264
0.4339,1328
0.5204,1380
0.4486,1232
0.3402,992
0.2352,910
0.5267,1703
0.4769,1227
0.3094,940
-0.1789,67
-0.1603,0
-0.1999,0
-0.1999,0
-0.1999,0
-0.1999,0
-0.1999,0
-0.1999,0
-0.1999,0
-0.1994,0
-0.1999,0
-0.1999,0
-0.1999,0
-0.0919,192
-0.1608,46
-0.1852,32
-0.1271,237
-0.0260,336
-0.0172,354
-0.0304,320
0.0438,617
0.2772,912
0.2254,823
0.2328,859
0.2743,1037
0.4222,1227
0.4286,1226
0.3910,1136
0.3871,1263
0.6581,1674
0.5497,1442
0.5023,1360
0.4422,1296
0.5428,1437
0.4706,1265
0.3456,996
0.2401,872
0.3539,1186
0.2704,838
0.1444,626
0.0277,385
0.0643,510
-0.0089,320
-0.1476,38
-0.1999,0
-0.1920,17
-0.1999,0
-0.1999,0
-0.1740,16
-0.1261,115
-0.1906,2
-0.1999,0
-0.1999,0
-0.0988,2079
0.7879,1811
0.5653,1434
0.4290,1168
0.4627,1310
0.4198,1185
0.3382,1006
0.2738,927
0.4022,1270
0.4315,1210
0.4017,1187
0.4017,1168
0.4647,1410
0.5667,1493
0.5150,1372
0.4652,1307
0.5062,1486
0.5882,1506
0.5208,1398
0.4696,1271
0.4027,1258
0.5580,1531
0.4632,1232
0.3265,991
0.2411,843
0.2870,914
0.1830,691
0.0702,451
-0.0670,210
0.0067,614
0.3236,890
0.0965,496
-0.0602,193
-0.1120,165
-0.1999,0
-0.1999,0
-0.1999,0
-0.1730,64
-0.1999,0
-0.1999,0
-0.1999,0
-0.1120,174
-0.1442,112
-0.1383,112
-0.1686,110
0.0355,482
0.0340,433
0.0111,423
0.0453,526
0.2235,846
0.2332,855
0.2533,880
0.2328,851
0.4027,1278
0.4637,1265
0.4081,1187
0.4066,1174
0.4828,1408
0.5003,1359
0.4496,1234
0.3578,1066
0.3983,1266
0.7767,1810
0.5584,1410
0.4227,1155
0.3177,1055
0.3236,963
0.1903,689
0.0272,379
-0.0485,358
0.1117,511
-0.0656,200
-0.1920,0
-0.1999,0
-0.1999,0
-0.1999,0
-0.1999,0
-0.1813,93
0.4212,1351
0.2816,843
0.1395,619
0.0482,470
0.1366,656
0.1078,572
0.0423,441
0.0038,405
0.1410,746
0.1854,731
0.1727,735
0.1707,711
0.2318,965
0.3788,1126
0.3534,1066
0.3368,1062
0.3851,1249
0.5184,1400
0.4876,1346
0.4486,1239
0.3866,1204
0.5736,1886
0.6649,1627
0.5296,1403
0.4486,1232
0.4813,1329
0.3973,1118
0.2689,839
0.1239,587
0.1634,751
0.1830,647
0.0277,398
-0.0729,190
-0.1086,224
-0.1295,74
-0.1999,0
-0.1999,0
-0.1999,0
-0.1999,0
-0.1999,0
-0.1999,0
-0.1999,0
-0.1188,132
-0.1608,48
-0.1999,0
-0.0827,329
0.2645,841
0.1590,688
0.1361,640
0.1883,861
0.2655,906
0.2469,851
0.2118,811
0.2953,1104
0.4510,1253
0.4110,1200
0.4173,1201
0.4134,1315
0.5497,1477
0.5072,1344
0.4256,1211
0.4232,1316
0.5394,1406
0.4388,1227
0.3714,1075
0.2586,925
0.3602,1070
0.2542,811
0.1097,555
0.0223,426
0.0907,531
-0.0202,304
-0.1134,112
-0.1999,0
-0.1618,144
-0.1447,17
-0.1999,0
-0.1999,0
-0.1999,0
-0.1999,0
-0.1999,0
-0.1999,0
-0.1999,1301
0.4539,1110
0.1673,624
-0.1584,95
-0.0685,335
0.0003,386
0.0081,400
-0.0128,363
0.0746,667
0.4666,1259
0.3763,1108
0.3656,1113
0.3924,1259
0.5179,1405
0.5028,1362
0.4486,1249
0.4359,1357
0.6766,1700
0.5765,1485
0.5189,1389
0.4461,1279
0.5487,1457
0.4798,1279
0.3426,991
0.2401,837
0.3133,1008
0.2054,725
0.1004,541
-0.0168,294
-0.0045,431
-0.0211,278
-0.1745,0
-0.1999,0
-0.1999,0
-0.1999,0
-0.1999,0
-0.1999,0
-0.1999,0
0.0438,350
-0.1759,0
-0.1999,0
-0.1999,0
-0.1999,0
-0.1999,0
-0.1999,0
-0.1999,2
-0.1618,2
-0.1999,0
-0.1999,0
-0.1999,9
-0.1964,0
-0.1999,0
-0.0963,290
0.1678,849
0.4486,1247
0.3914,1152
0.3895,1162
0.4393,1338
0.4955,1352
0.4539,1247
0.3626,1071
0.3582,1195
1.0000,2277
0.7469,1776
0.5765,1449
0.4105,1214
0.4276,1170
0.2865,872
0.1141,533
-0.0089,379
0.0687,482
-0.0758,181
-0.1930,0
-0.1999,0
-0.1999,2
-0.1999,0
-0.1999,0
-0.1999,0
-0.1999,0
-0.1999,0
-0.1999,0
-0.1999,0
-0.1999,5
0.8036,1762
0.4281,1115
0.2157,715
0.0804,578
0.0706,466
-0.0500,218
-0.1779,16
-0.1930,88
-0.0973,155
-0.1608,55
-0.1872,10
-0.1999,46
-0.0133,441
-0.0168,336
-0.0221,471
0.1366,696
0.3260,1088
0.3221,993
0.2845,921
0.2059,727
0.2235,897
0.2933,896
0.1439,605
0.0423,438
-0.0006,434
0.0243,384
-0.0744,199
-0.1935,0
-0.1999,0
0.4823,1357
0.2274,706
0.0194,350
-0.1466,56
-0.1339,94
-0.1999,0
-0.1999,0
-0.1999,0
-0.1999,0
-0.1999,0
-0.1999,0
-0.1999,0
-0.1999,21
-0.1999,0
-0.1999,0
-0.1999,0
-0.1999,18
-0.1999,0
-0.1999,0
-0.1999,0
-0.1325,294
0.5062,1267
0.3206,967
0.2376,806
0.2528,962
0.2811,922
0.2313,799
0.1747,725
0.2640,1022
0.4603,1253
0.4041,1181
0.4041,1175
0.4037,1298
0.5589,1490
0.5257,1392
-0.0714,263
-0.0846,302
0.1424,656
-0.0036,311
-0.1325,80
-0.1999,0
-0.1974,0
-0.1999,0
-0.1999,0
-0.1999,0
-0.0832,240
-0.1999,0
-0.1999,0
-0.1999,0
-0.1999,0
-0.1999,0
-0.1999,0
-0.1999,0
-0.1999,0
-0.1999,0
-0.1999,0
-0.1999,0
-0.1515,78
-0.1999,0
-0.1999,0
-0.1999,24
-0.1095,156
-0.1286,144
-0.1354,110
-0.1232,272
0.1361,651
0.0882,540
0.0814,566
0.1205,720
0.2791,938
0.2938,973
0.2860,934
0.2748,998
0.5135,1864
0.6551,1631
0.5833,1523
0.5340,1431
0.6258,1631
0.5843,1514
0.4955,1311
0.4002,1152
0.4925,1424
0.4505,1198
0.3241,981
-0.1794,0
-0.1999,0
-0.1999,0
-0.1999,0
-0.1999,0
-0.1999,0
0.0663,400
-0.1388,61
-0.1999,0
-0.1999,0
-0.1999,0
-0.1999,0
-0.1999,0
-0.1999,12
-0.1295,85
-0.1999,0
-0.1999,0
-0.1999,43
-0.0412,319
-0.0685,226
-0.0895,225
-0.0514,379
0.1165,610
0.1229,650
0.1297,629
0.1190,668
0.3421,1774
0.7450,1806
0.6498,1654
0.6053,1554
0.6517,1754
0.6747,1699
0.5995,1518
0.5081,1373
0.5667,1587
0.6048,1514
0.4891,1318
0.4105,1135
0.3158,1081
0.3919,1114
0.2625,818
0.1156,571
0.0321,464
0.0999,539
-0.0177,314
-0.1139,104
-0.1808,0
-0.1779,50
-0.1999,0
-0.1999,0
-0.1999,0
-0.1750,48
-0.1999,0
-0.1999,0
-0.1999,0
-0.1437,150
-0.1418,80
-0.1999,0
-0.1886,50
-0.0260,343
-0.0294,338
-0.0158,350
-0.0329,362
0.1986,1957
0.8705,2020
0.7206,1775
0.6615,1669
0.7352,1872
0.7098,1776
0.6581,1648
0.5736,1499
0.6859,1851
1.0000,3425
1.0000,2846
1.0000,2496
1.0000,2431
0.9510,2199
0.7918,1867
0.6019,1505
0.5487,1535
0.6224,1504
0.4144,1138
0.2801,864
0.1498,720
0.1815,688
0.0472,402
-0.1110,114
-0.1881,50
0.0550,590
-0.0602,180